00014
00026
00033
00122
00213
00234
00253
00266
00346
00362
00447
00457
00575
00643
00696
00730
00767
00804
00845
00910
00917
00956
00969
01021
01119
01122
01185
01330
01331
01391
01393
01498
01539
01574
01583
01611
01635
01671
01789
01871
01901
02006
02027
02193
02160
02210
02370
02389
02435
02447
02513
02610
02667
02784
02813
02925
03021
03261
03309
03332
03340
03420
03452
03616
03627
03673
03756
03811
03837
03845
03947
04004
04020
04025
04076
04098
04154
04165
04188
04245
04265
04280
04291
04295
04577
04665
04742
04799
04869
04876
04909
04916
05011
05034
05111
05133
05140
05150
05209
05234
05286
05349
05397
05435
05437
05542
05630
05695
05741
05762
05780
05816
05872
05879
05880
06015
06023
06020
06040
06095
06097
06104
06166
06197
06245
06300
06358
06386
06445
06458
06486
06520
06523
06638
06686
06687
06691
06799
06947
06999
07019
07039
07197
07220
07242
07288
07297
07321
07383
07389
07481
07555
07851
08111
08128
08178
08345
08415
08460
08477
08607
08618
08639
08660
08669
08880
08915
08921
09135
09128
09186
09172
09211
09226
09242
09261
09350
09355
09468
09481
09561
09665
09826
09834
09858
09921
09943
09944
09960
09975
10104
10107
10119
10155
10167
10425
10490
10499
10501
10577
10696
10765
10786
10893
11135
11163
11290
11358
11418
11531
11702
11749
11819
11954
12077
12144
12289
12403
12427
12458
12459
12461
12494
12549
12580
12629
12644
12700
12776
12793
12819
12886
12981
13054
13134
13206
13231
13235
13296
13319
13362
13365
13379
13459
13708
13721
13799
13837
13882
13918
14117
14183
14337
14507
14513
14577
14581
